4.426873935264054438e+01
1.883772785349233309e+05
8.499432140829074056e-01
4.027008233957978518e+03
1.968571834185122214e+02
4.549929017603633952e+01
4.755820556501987734e-02
7.907438955139126091e-02
0.000000000000000000e+00
6.325951164111300873e-01
8.063600227143667698e-02
9.028960817717206211e-02
4.542873367404883650e-02
0.000000000000000000e+00
2.441794434980125092e-02
8.659852356615559132e-03
7.240204429301533642e-03
3.975014196479272760e-03
8.517887563884156844e-04
1.987507098239636380e-03
4.116978989210675483e-03
3.549119818285065460e-03
3.307779670641680658e-02
4.613855763770585011e-02
2.825099375354911957e-01
3.833049403747870731e-02
2.146507666098807499e-01
1.213798977853492306e-01
0.000000000000000000e+00
5.323679727427597930e-02
1.802952867688813188e-01
6.005110732538330304e-02
1.419647927314026141e-03
8.527825099375354601e-01
4.258943781942078205e-03
6.203861442362294115e-02
8.517887563884156410e-03
1.093128904031800096e-02
6.572969903463940500e-02
1.419647927314026141e-04
1.186825667234525788e-01
2.494321408290743891e-01
1.476433844406587099e-02
1.093128904031800096e-02
3.123225440090857466e-02
1.788756388415672915e-02
1.419647927314026141e-04
2.373651334469051577e-01
2.768313458262351007e-02
1.247870528109028959e-01
3.534923339011925014e-02
4.145371947756956027e-02
2.441794434980125092e-02
7.534071550255536653e-01
1.090289608177172076e-01
4.258943781942078205e-03
8.801817149346961855e-03
2.867688813174332912e-02
9.582623509369676829e-02
4.826802952867689095e-03
3.364565587734241747e-02
5.053946621237932757e-02
3.549119818285065460e-03
9.074389551391255360e-01
8.517887563884156844e-04
4.968767745599091817e-03
2.555366269165246836e-03
1.419647927314026141e-04
2.981260647359455004e-03
2.839295854628052281e-04
5.678591709256104562e-04
1.277683134582623418e-03
3.975014196479272760e-03
1.561612720045428646e-03
5.820556501987507285e-03
1.135718341851220912e-03
4.258943781942078422e-04
4.258943781942078422e-04
0.000000000000000000e+00
1.419647927314026141e-04
7.098239636570130703e-04
4.258943781942078422e-04
5.394662123793299117e-03
2.413401476433844547e-03
7.098239636570130703e-04
3.265190232822260015e-03
1.419647927314026141e-03
2.839295854628052281e-03
2.839295854628052281e-04
3.833049403747870471e-03
2.839295854628052281e-04
0.000000000000000000e+00
2.839295854628052281e-04
7.240204429301533642e-03
1.561612720045428646e-03
4.258943781942078422e-04
1.703577512776831369e-03
2.839295854628052281e-04
2.129471890971039102e-03
2.555366269165246836e-03
2.839295854628052281e-04
1.419647927314026141e-04
9.145371947756956166e-01
5.678591709256104562e-04
5.678591709256104562e-04
1.902328222600795093e-02
