3.685449889942051271e+01
1.904771831454112544e+05
6.124163334980459172e-01
1.502028659988320385e+02
5.268869323031310614e+01
3.884371771259152695e+01
2.407798391806298052e-02
5.965590045370827710e-02
3.144512825120165359e-04
7.170387673509726056e-01
2.048425497506850546e-02
7.376128655496158593e-02
3.737478100714253931e-02
6.289025650240330717e-04
6.666367189254750192e-02
3.530838686492071554e-02
4.483176856385607395e-02
1.603701540811284382e-02
6.064417591303175592e-03
1.302726741835497082e-02
2.439243520057499809e-02
1.954090112753245623e-02
3.202910920443825804e-02
4.164233412694847564e-02
1.256008265576568916e-01
4.447239566955662506e-03
3.584744620636988732e-01
3.131036341583936372e-02
2.201158977584115588e-03
6.199182426665468711e-03
2.388931314855577137e-01
1.609092134225776072e-01
5.839809532366021768e-04
3.365976371232199948e-01
1.554287767845110267e-02
4.102241588428192642e-01
3.926148870221463777e-02
3.688064327748079296e-02
1.318449305961097995e-01
3.144512825120165359e-04
1.290148690535016518e-01
8.512645433718162014e-02
3.521854364134584942e-02
5.183954000269529877e-02
7.093122501235343824e-02
1.276672206998787085e-01
5.929652755940883341e-03
9.190961771708368311e-02
1.738466376173576980e-02
1.080813979605588226e-01
2.632406450743452614e-02
5.143524549660841855e-02
6.697812317505952295e-02
2.954943623377206952e-01
3.010646421993621313e-01
3.827321324289115201e-02
2.015632720902025832e-01
1.298683796774628141e-01
3.373613045236063118e-02
1.127532455864516461e-02
3.090606890975248350e-02
1.101927137145680829e-01
9.882754593234805568e-03
8.377431382237994217e-01
4.941377296617402784e-04
3.144512825120165250e-03
2.246080589371546483e-03
2.291002201158977378e-03
2.919904766183010775e-03
2.874983154395579880e-03
9.882754593234805568e-04
3.503885719419612844e-03
2.470688648308701392e-03
7.187457885988949701e-04
3.683572166569336424e-03
8.984322357486186584e-04
2.470688648308701392e-03
1.662099636134944415e-03
4.492161178743093563e-05
4.941377296617402784e-04
5.390593414491711734e-04
3.144512825120165359e-04
2.470688648308701392e-03
1.033197071110911452e-03
7.636674003863258651e-04
2.021472530434392009e-03
2.785139930820717657e-03
1.617178024347513520e-03
5.839809532366021768e-04
2.443735681236242768e-02
1.302726741835497038e-03
6.289025650240330717e-04
1.167961906473204354e-03
5.390593414491711734e-03
2.021472530434392009e-03
1.212883518260635249e-03
4.087866672656214478e-03
3.593728942994474851e-04
2.246080589371546483e-03
1.302726741835497038e-03
6.289025650240330717e-04
6.289025650240330717e-04
8.908854049683302412e-01
2.380845424733839602e-03
2.695296707245855867e-04
1.801356632675980493e-02
