4.337675168775869117e-01
1.299391343692344047e-01
3.499438218591724992e-01
1.795228163049731540e+00
2.696617152125604377e-01
2.392674948086491171e-01
7.924282399227841611e-02
-2.640045644347501982e-02
-1.220017065494471975e-02
9.107457468289226199e-02
3.229901198932740025e-02
-1.192735061434129495e-01
-5.140111177573838258e-02
-1.933390499209400315e-02
-5.106831374099026627e-02
-1.174030411633341514e-01
-3.332481964257906770e-01
-4.494025735711081743e-02
-3.537335750627970121e-01
-1.956577780323583982e-01
-2.712446835186648753e-01
-1.661827213573533191e-01
6.239892978897018661e-02
-2.324395328394908769e-02
3.195361294847542388e-01
1.329864658104704389e-01
-1.279743660721568144e-01
2.785735972880720723e-01
-8.904730234432932379e-02
1.286500116098679980e-01
8.402578994442411187e-02
-2.870742827741877834e-01
1.716526943031034536e-01
7.295413437147959534e-01
-9.478780280353468757e-02
-4.593890340537242767e-01
-1.822079948136658689e-01
-6.594212783389191701e-02
7.291856282763423125e-03
-6.361265756644168823e-02
3.518085064754340047e-02
3.234287820933059998e-01
-9.847161498613699049e-02
-1.853645897023190603e-01
-1.872737932883133394e-01
-1.997549887943192160e-01
-1.625840236008794237e-01
1.713583187070136793e-01
9.848702902632681944e-02
2.585311749245163687e-02
7.880518756477555842e-02
-1.351739719720185806e-01
-5.173260297159203158e-02
2.125591088543145671e-02
2.055282931234009014e-01
-3.090886189042213114e-02
-3.879576174430176549e-01
-2.215430497586655043e-02
2.453449559287733672e-01
5.395181434743517856e-03
2.674861031885690521e-02
-4.060468210809072692e-02
-2.768381558830870087e-02
2.641886900782954364e-02
-7.757676406038728489e-02
1.045733364323838399e-01
4.113403697816186977e-02
-1.333249025559513634e-01
3.695573011573507344e-02
-1.176453829373555887e-01
4.050751892651151265e-02
-1.981716619810524604e-01
-1.152195754722349502e-02
4.714200259441241048e-02
1.748083474319893013e-02
-6.926235290423750357e-02
-9.996468504548591816e-02
-3.278567800353891781e-02
7.154683631228045724e-06
-4.659442728277739948e-02
-4.427223647920898453e-02
-6.548063548753223218e-02
-2.099883534384532156e-03
-3.066232674847198941e-02
4.156869574370006953e-02
6.261099212110515788e-02
5.918046681440530463e-03
1.049941994134286488e-01
-2.338737382958417169e-02
8.285842023274445078e-02
-8.878946950285639128e-02
-5.767663004781560521e-02
6.791260742792069871e-02
6.174229288028222629e-02
1.199636827591949451e-01
-1.136620330580035004e-01
-1.597925797244992285e-01
-8.326747509249840529e-02
8.594376087197935429e-03
5.429125106605654089e-02
-8.464652120317699147e-02
-3.328439876028823491e-02
3.654940324973943166e-02
6.171117648195312971e-02
-2.139240380852034870e-02
-1.503086076588149023e-02
